{
 "cells": [
  {
   "cell_type": "markdown",
   "id": "1f00be8e-f7ee-4523-85c9-9c49e96db273",
   "metadata": {},
   "source": [
    "# Plotting COLMAP Data and Camera Poses "
   ]
  },
  {
   "cell_type": "code",
   "execution_count": 1,
   "id": "06eb2802-d999-47cd-987c-43ce556aff3c",
   "metadata": {},
   "outputs": [
    {
     "name": "stdout",
     "output_type": "stream",
     "text": [
      "Jupyter environment detected. Enabling Open3D WebVisualizer.\n",
      "[Open3D INFO] WebRTC GUI backend enabled.\n",
      "[Open3D INFO] WebRTCWindowSystem: HTTP handshake server disabled.\n"
     ]
    },
    {
     "name": "stderr",
     "output_type": "stream",
     "text": [
      "2025-06-10 10:09:12.526591: I tensorflow/core/util/port.cc:153] oneDNN custom operations are on. You may see slightly different numerical results due to floating-point round-off errors from different computation orders. To turn them off, set the environment variable `TF_ENABLE_ONEDNN_OPTS=0`.\n",
      "2025-06-10 10:09:12.574916: E external/local_xla/xla/stream_executor/cuda/cuda_fft.cc:485] Unable to register cuFFT factory: Attempting to register factory for plugin cuFFT when one has already been registered\n",
      "2025-06-10 10:09:12.586311: E external/local_xla/xla/stream_executor/cuda/cuda_dnn.cc:8454] Unable to register cuDNN factory: Attempting to register factory for plugin cuDNN when one has already been registered\n",
      "2025-06-10 10:09:12.590228: E external/local_xla/xla/stream_executor/cuda/cuda_blas.cc:1452] Unable to register cuBLAS factory: Attempting to register factory for plugin cuBLAS when one has already been registered\n",
      "2025-06-10 10:09:12.625969: I tensorflow/core/platform/cpu_feature_guard.cc:210] This TensorFlow binary is optimized to use available CPU instructions in performance-critical operations.\n",
      "To enable the following instructions: SSE4.1 SSE4.2 AVX AVX2 AVX_VNNI FMA, in other operations, rebuild TensorFlow with the appropriate compiler flags.\n"
     ]
    },
    {
     "data": {
      "application/javascript": [
       "IPython.notebook.set_autosave_interval(180000)"
      ]
     },
     "metadata": {},
     "output_type": "display_data"
    },
    {
     "name": "stdout",
     "output_type": "stream",
     "text": [
      "Autosaving every 180 seconds\n"
     ]
    }
   ],
   "source": [
    "# Demo test scene: Gerrard Hall \n",
    "# Image data provided by COLMAP \n",
    "# Colmap generated: images, 3D points, cameras\n",
    "\n",
    "import open3d as o3d\n",
    "import numpy as np\n",
    "import plotly.graph_objects as go \n",
    "from scipy.spatial.transform import Rotation as R\n",
    "from colmapParsingUtils import *\n",
    "import copy\n",
    "\n",
    "from mpl_toolkits.mplot3d import axes3d\n",
    "from matplotlib import cm\n",
    "import matplotlib.pyplot as plt\n",
    "\n",
    "import tensorflow as tf\n",
    "import cv2\n",
    "\n",
    "%load_ext autoreload\n",
    "%autoreload 2\n",
    "%autosave 180\n",
    "\n",
    "# # Limit GPU memory, if running notebook on GPU\n",
    "# gpus = tf.config.experimental.list_physical_devices('GPU')\n",
    "# print(gpus)\n",
    "# if gpus:\n",
    "#     try:\n",
    "#         memlim = 2*1024\n",
    "#         tf.config.experimental.set_virtual_device_configuration(gpus[0], [tf.config.experimental.VirtualDeviceConfiguration(memory_limit=memlim)])\n",
    "#     except RuntimeError as e:\n",
    "#         print(e)"
   ]
  },
  {
   "cell_type": "code",
   "execution_count": 2,
   "id": "6c54154f-b578-48d5-87f8-616b4013cd57",
   "metadata": {},
   "outputs": [
    {
     "name": "stdout",
     "output_type": "stream",
     "text": [
      "Point3D(id=50550, xyz=array([-0.80275081,  0.20678899,  0.45578969]), rgb=array([135, 108,  81]), error=1.1460145273910631, image_ids=array([24, 25, 27, 28]), point2D_idxs=array([ 7160,  8258,  8817, 10120]))\n",
      "[ 1.31424389 -0.25072281 -1.61803924]\n",
      "[   -1    -1    -1 ...    -1 30823    -1]\n"
     ]
    }
   ],
   "source": [
    "# Load pose estimations from COLMAP \n",
    "\n",
    "images_colmap = read_images_text('/home/daniel-choate/ASAR/s2/SfM/GerrardHall/Project/images.txt')\n",
    "cameras = read_cameras_text('/home/daniel-choate/ASAR/s2/SfM/GerrardHall/Project/cameras.txt')\n",
    "pts3d = read_points3D_text('/home/daniel-choate/ASAR/s2/SfM/GerrardHall/Project/points3D.txt')\n",
    "\n",
    "# print(images[1])\n",
    "# print(cameras[1])\n",
    "print(pts3d[50550])\n",
    "print(pts3d[5].xyz)\n",
    "print(images_colmap[1].point3D_ids)"
   ]
  },
  {
   "cell_type": "code",
   "execution_count": 3,
   "id": "8c04c57a-6cd2-4363-981a-af7976f6393c",
   "metadata": {},
   "outputs": [],
   "source": [
    "# Extract 3d points from raw file \n",
    "\n",
    "pointdata_fn = \"/home/daniel-choate/ASAR/s2/SfM/GerrardHall/Project/points3D.txt\"\n",
    "num_pts = 75497 # Gerrard Hall\n",
    "\n",
    "# points_data = []\n",
    "scene_pts = np.zeros([num_pts, 3]) \n",
    "idx = 0\n",
    "\n",
    "with open(pointdata_fn, 'r') as file:\n",
    "    lines = file.readlines()[3:]  # Skip the first three lines\n",
    "    \n",
    "    for line in lines:\n",
    "        elements = line.strip().split()\n",
    "        \n",
    "        row = [float(elem) for elem in list(elements)]\n",
    "\n",
    "        scene_pts[idx,0] = row[1]\n",
    "        scene_pts[idx,1] = row[2]\n",
    "        scene_pts[idx,2] = row[3]\n",
    "        idx += 1\n",
    "\n",
    "# Filter RGB data into separate numpy array \n",
    "rgb_data = np.zeros([num_pts, 3])\n",
    "idx = 0\n",
    "\n",
    "with open(pointdata_fn, 'r') as file:\n",
    "    lines = file.readlines()[3:] # Skip the first three lines \n",
    "    for line in lines:\n",
    "        elements = line.strip().split()\n",
    "        row = [float(elem) for elem in list(elements)]\n",
    "\n",
    "        rgb_data[idx,0] = row[4]\n",
    "        rgb_data[idx,1] = row[5]\n",
    "        rgb_data[idx,2] = row[6]\n",
    "        idx += 1\n",
    "\n",
    "# SCALE COLORS\n",
    "rgb_data = rgb_data/255\n",
    "# print(scene_pts[:10])"
   ]
  },
  {
   "cell_type": "code",
   "execution_count": 4,
   "id": "5918a048-c09a-458a-8f2b-af59c0dc1ea6",
   "metadata": {},
   "outputs": [
    {
     "name": "stdout",
     "output_type": "stream",
     "text": [
      "318.8074217375768\n"
     ]
    }
   ],
   "source": [
    "# Convert COLMAP poses (xyz,quats) to rotm\n",
    "\n",
    "poses = np.zeros([len(images_colmap),4,4])\n",
    "images = np.zeros([len(poses),250,250,3])\n",
    "\n",
    "\n",
    "skip_indices = {56, 58}  # Use a set to store the indices to skip\n",
    "\n",
    "#loop through <images_from_colmap> to get 3D poses of cameras at each timestamp\n",
    "# print(len(images_from_colmap))\n",
    "for n in range(len(images_colmap)):\n",
    "    if n in skip_indices:\n",
    "        continue\n",
    "\n",
    "\n",
    "    # Pull quaternion and translation vector\n",
    "    qvec = images_colmap[n+1].qvec #raw\n",
    "    # print(qvec)\n",
    "    # print(images_colmap[n+1].tvec)\n",
    "    tvec = images_colmap[n+1].tvec[:,None]\n",
    "    # print(tvec)\n",
    "    \n",
    "    t = tvec.reshape([3,1])\n",
    "    # print(tvec)\n",
    "    Rotmat = qvec2rotmat(-qvec)\n",
    "    \n",
    "    bottom = np.array([0.0, 0.0, 0.0, 1.0]).reshape([1, 4])\n",
    "    m = np.concatenate([np.concatenate([Rotmat, t], 1), bottom], 0)\n",
    "    c2w = np.linalg.inv(m)\n",
    "\n",
    "    # NERF SPECIFIC ROTATIONS \n",
    "    # c2w[0:3,2] *= -1 # flip the y and z axis\n",
    "    # c2w[0:3,1] *= -1\n",
    "    # c2w = c2w[[1,0,2,3],:]\n",
    "    # c2w[2,:] *= -1 # flip whole world upside down\n",
    "    \n",
    "\n",
    "\n",
    "    poses[n] = c2w\n",
    "    # poses[n] = m\n",
    "    \n",
    "    #~~~~~~~~~~~~~~~~~~~~~~~~~~~~~~~~~~~~~~~~~~~~~\n",
    "\n",
    "#GET REST OF PARAMS NEEDED FOR tinyNeRF format~~~~~~~~~~~~~~~~~~~~~~~~~~~~    \n",
    "\n",
    "#fix order of colors\n",
    "images[:,:,:,0], images[:,:,:,1] = images[:,:,:,1], images[:,:,:,0]\n",
    "\n",
    "H,W = images.shape[1:3]\n",
    "# print(H,W)\n",
    "testimg, testpose = images[55], poses[55]\n",
    "\n",
    "focal = cameras[1].params[0] #test- see if same focal length can be shared across all images\n",
    "focal = focal/12\n",
    "print(focal)\n",
    "# print(poses)\n",
    "#~~~~~~~~~~~~~~~~~~~~~~~~~~~~~~~~~~~~~~~~~~~~~~~~~~~~~~~~~~~~~~~~~~~~~~~~~"
   ]
  },
  {
   "cell_type": "code",
   "execution_count": 5,
   "id": "24bf3a53-a871-4412-974a-bf6c8e1a48f1",
   "metadata": {},
   "outputs": [],
   "source": [
    "# np.save('poses_ghall.npy', poses)"
   ]
  },
  {
   "cell_type": "markdown",
   "id": "eb01c30e-8cd7-4f65-a87f-452d4b1e61c1",
   "metadata": {},
   "source": [
    "# Plotting 3D pt Cloud"
   ]
  },
  {
   "cell_type": "code",
   "execution_count": 6,
   "id": "1c7d8c14-adf7-472f-97ce-19538b2e9501",
   "metadata": {},
   "outputs": [
    {
     "name": "stderr",
     "output_type": "stream",
     "text": [
      "libGL: Can't open configuration file /etc/drirc: No such file or directory.\n",
      "libGL: Can't open configuration file /home/daniel-choate/.drirc: No such file or directory.\n",
      "using driver i915 for 76\n",
      "libGL: Can't open configuration file /etc/drirc: No such file or directory.\n",
      "libGL: Can't open configuration file /home/daniel-choate/.drirc: No such file or directory.\n",
      "using driver i915 for 76\n",
      "pci id for fd 76: 8086:a7a0, driver iris\n",
      "libGL: Can't open configuration file /etc/drirc: No such file or directory.\n",
      "libGL: Can't open configuration file /home/daniel-choate/.drirc: No such file or directory.\n",
      "libGL: Can't open configuration file /etc/drirc: No such file or directory.\n",
      "libGL: Can't open configuration file /home/daniel-choate/.drirc: No such file or directory.\n",
      "libGL: Can't open configuration file /etc/drirc: No such file or directory.\n",
      "libGL: Can't open configuration file /home/daniel-choate/.drirc: No such file or directory.\n",
      "Using DRI3 for screen 0\n"
     ]
    }
   ],
   "source": [
    "# Plotting 3D points\n",
    "# BY ITSELF\n",
    "# Data generated by COLMAP\n",
    "\n",
    "vis = o3d.visualization.Visualizer()\n",
    "vis.create_window()\n",
    "\n",
    "scene_cloud = o3d.geometry.PointCloud()\n",
    "scene_cloud.points = o3d.utility.Vector3dVector(scene_pts)\n",
    "scene_cloud.colors = o3d.utility.Vector3dVector(rgb_data)\n",
    "\n",
    "vis.add_geometry(scene_cloud)\n",
    "\n",
    "# Set point size (too large as is)\n",
    "render_option = vis.get_render_option()\n",
    "render_option.point_size = 2.5\n",
    "\n",
    "vis.reset_view_point(True)\n",
    "\n",
    "# Run visualizer \n",
    "vis.run()\n",
    "vis.destroy_window()\n"
   ]
  },
  {
   "cell_type": "markdown",
   "id": "4b8e67c5-a31f-476d-a9c9-8f45a10b9957",
   "metadata": {},
   "source": [
    "# Plotting Poses: 3D coordinate frames "
   ]
  },
  {
   "cell_type": "code",
   "execution_count": 7,
   "id": "3948386b-11f9-479d-b007-fe7265c40dd9",
   "metadata": {},
   "outputs": [
    {
     "name": "stderr",
     "output_type": "stream",
     "text": [
      "libGL: Can't open configuration file /etc/drirc: No such file or directory.\n",
      "libGL: Can't open configuration file /home/daniel-choate/.drirc: No such file or directory.\n",
      "using driver i915 for 75\n",
      "libGL: Can't open configuration file /etc/drirc: No such file or directory.\n",
      "libGL: Can't open configuration file /home/daniel-choate/.drirc: No such file or directory.\n",
      "using driver i915 for 75\n",
      "pci id for fd 75: 8086:a7a0, driver iris\n",
      "libGL: Can't open configuration file /etc/drirc: No such file or directory.\n",
      "libGL: Can't open configuration file /home/daniel-choate/.drirc: No such file or directory.\n",
      "libGL: Can't open configuration file /etc/drirc: No such file or directory.\n",
      "libGL: Can't open configuration file /home/daniel-choate/.drirc: No such file or directory.\n",
      "libGL: Can't open configuration file /etc/drirc: No such file or directory.\n",
      "libGL: Can't open configuration file /home/daniel-choate/.drirc: No such file or directory.\n",
      "Using DRI3 for screen 0\n"
     ]
    },
    {
     "name": "stdout",
     "output_type": "stream",
     "text": [
      "[[1, 0, 0], [0, 1, 0], [0, 0, 1]]\n",
      "Position:\n",
      " [-1.02530593  0.66165033  4.5459197 ]\n",
      "Rotation Matrix:\n",
      " [[-0.90737996  0.11774594  0.40348173]\n",
      " [-0.04247161  0.92935999 -0.36672355]\n",
      " [-0.41815999 -0.34989412 -0.83828177]]\n",
      "Headings:\n",
      " [[-0.90737996 -0.04247161 -0.41815999]\n",
      " [ 0.11774594  0.92935999 -0.34989412]\n",
      " [ 0.40348173 -0.36672355 -0.83828177]]\n",
      "Position:\n",
      " [-1.26563469  0.65686955  4.40247888]\n",
      "Rotation Matrix:\n",
      " [[-0.87836644  0.11494937  0.46396017]\n",
      " [-0.05607907  0.93916634 -0.33885355]\n",
      " [-0.47468678 -0.32365605 -0.81848594]]\n",
      "Headings:\n",
      " [[-0.87836644 -0.05607907 -0.47468678]\n",
      " [ 0.11494937  0.93916634 -0.32365605]\n",
      " [ 0.46396017 -0.33885355 -0.81848594]]\n",
      "Position:\n",
      " [-1.48847961  0.6519923   4.30700439]\n",
      "Rotation Matrix:\n",
      " [[-0.86390519  0.10174918  0.49326963]\n",
      " [-0.08074801  0.93873114 -0.33505762]\n",
      " [-0.4971394  -0.32928856 -0.80275866]]\n",
      "Headings:\n",
      " [[-0.86390519 -0.08074801 -0.4971394 ]\n",
      " [ 0.10174918  0.93873114 -0.32928856]\n",
      " [ 0.49326963 -0.33505762 -0.80275866]]\n",
      "Position:\n",
      " [-1.84924958  0.64409257  4.10018678]\n",
      "Rotation Matrix:\n",
      " [[-0.73435373  0.14342674  0.66344056]\n",
      " [-0.11491943  0.93703803 -0.32977759]\n",
      " [-0.66896796 -0.31841561 -0.67163485]]\n",
      "Headings:\n",
      " [[-0.73435373 -0.11491943 -0.66896796]\n",
      " [ 0.14342674  0.93703803 -0.31841561]\n",
      " [ 0.66344056 -0.32977759 -0.67163485]]\n",
      "Position:\n",
      " [-2.50107278  0.54481988  3.4433648 ]\n",
      "Rotation Matrix:\n",
      " [[-0.61539664  0.16732581  0.77025259]\n",
      " [-0.12830542  0.94290931 -0.30734306]\n",
      " [-0.77770476 -0.28796547 -0.55879441]]\n",
      "Headings:\n",
      " [[-0.61539664 -0.12830542 -0.77770476]\n",
      " [ 0.16732581  0.94290931 -0.28796547]\n",
      " [ 0.77025259 -0.30734306 -0.55879441]]\n",
      "Position:\n",
      " [-2.10984293  0.614353    3.86202621]\n",
      "Rotation Matrix:\n",
      " [[-0.71693657  0.17905899  0.67375057]\n",
      " [-0.10350901  0.92839822 -0.35687902]\n",
      " [-0.68941122 -0.32559887 -0.64706842]]\n",
      "Headings:\n",
      " [[-0.71693657 -0.10350901 -0.68941122]\n",
      " [ 0.17905899  0.92839822 -0.32559887]\n",
      " [ 0.67375057 -0.35687902 -0.64706842]]\n",
      "Position:\n",
      " [-1.67259349  0.65059462  4.21379307]\n",
      "Rotation Matrix:\n",
      " [[-0.77208156  0.13307376  0.62143498]\n",
      " [-0.09193757  0.94415809 -0.31640635]\n",
      " [-0.62883825 -0.30142473 -0.71673258]]\n",
      "Headings:\n",
      " [[-0.77208156 -0.09193757 -0.62883825]\n",
      " [ 0.13307376  0.94415809 -0.30142473]\n",
      " [ 0.62143498 -0.31640635 -0.71673258]]\n",
      "Position:\n",
      " [-2.31980095  0.57078043  3.69296031]\n",
      "Rotation Matrix:\n",
      " [[-0.69469316  0.17366217  0.69802784]\n",
      " [-0.11160267  0.93264458 -0.34310192]\n",
      " [-0.7105957  -0.31625233 -0.62852065]]\n",
      "Headings:\n",
      " [[-0.69469316 -0.11160267 -0.7105957 ]\n",
      " [ 0.17366217  0.93264458 -0.31625233]\n",
      " [ 0.69802784 -0.34310192 -0.62852065]]\n",
      "Position:\n",
      " [-2.64805421  0.48193451  3.02326897]\n",
      "Rotation Matrix:\n",
      " [[-0.55030341  0.17729025  0.81592544]\n",
      " [-0.13012614  0.94704717 -0.29354531]\n",
      " [-0.8247626  -0.26771221 -0.49809319]]\n",
      "Headings:\n",
      " [[-0.55030341 -0.13012614 -0.8247626 ]\n",
      " [ 0.17729025  0.94704717 -0.26771221]\n",
      " [ 0.81592544 -0.29354531 -0.49809319]]\n",
      "Position:\n",
      " [-2.70448142  0.45984322  2.88195695]\n",
      "Rotation Matrix:\n",
      " [[-0.54937294  0.18458959  0.81493316]\n",
      " [-0.14354388  0.93994544 -0.30967358]\n",
      " [-0.82315523 -0.28710495 -0.48988388]]\n",
      "Headings:\n",
      " [[-0.54937294 -0.14354388 -0.82315523]\n",
      " [ 0.18458959  0.93994544 -0.28710495]\n",
      " [ 0.81493316 -0.30967358 -0.48988388]]\n",
      "Position:\n",
      " [-2.61927633  0.50930399  3.17133502]\n",
      "Rotation Matrix:\n",
      " [[-0.59395195  0.1612019   0.78818464]\n",
      " [-0.11777363  0.95174142 -0.28340366]\n",
      " [-0.79583318 -0.26115552 -0.54630334]]\n",
      "Headings:\n",
      " [[-0.59395195 -0.11777363 -0.79583318]\n",
      " [ 0.1612019   0.95174142 -0.26115552]\n",
      " [ 0.78818464 -0.28340366 -0.54630334]]\n",
      "Position:\n",
      " [-2.56629292  0.52683153  3.28290179]\n",
      "Rotation Matrix:\n",
      " [[-0.61372809  0.17593755  0.76966474]\n",
      " [-0.12241421  0.94186019 -0.31291236]\n",
      " [-0.77996961 -0.286261   -0.5565088 ]]\n",
      "Headings:\n",
      " [[-0.61372809 -0.12241421 -0.77996961]\n",
      " [ 0.17593755  0.94186019 -0.286261  ]\n",
      " [ 0.76966474 -0.31291236 -0.5565088 ]]\n",
      "Position:\n",
      " [-2.71064688  0.34685001  2.36252141]\n",
      "Rotation Matrix:\n",
      " [[-0.48799044  0.21656993  0.84555473]\n",
      " [-0.12399174  0.94170589 -0.31275558]\n",
      " [-0.86399733 -0.25746354 -0.43269059]]\n",
      "Headings:\n",
      " [[-0.48799044 -0.12399174 -0.86399733]\n",
      " [ 0.21656993  0.94170589 -0.25746354]\n",
      " [ 0.84555473 -0.31275558 -0.43269059]]\n",
      "Position:\n",
      " [-2.72838732  0.38238493  2.53015527]\n",
      "Rotation Matrix:\n",
      " [[-0.48287485  0.21819891  0.84806905]\n",
      " [-0.11386584  0.94459144 -0.30786617]\n",
      " [-0.86825483 -0.24522693 -0.43127405]]\n",
      "Headings:\n",
      " [[-0.48287485 -0.11386584 -0.86825483]\n",
      " [ 0.21819891  0.94459144 -0.24522693]\n",
      " [ 0.84806905 -0.30786617 -0.43127405]]\n",
      "Position:\n",
      " [-2.73832508  0.42089468  2.73008592]\n",
      "Rotation Matrix:\n",
      " [[-0.53431452  0.20461474  0.82014682]\n",
      " [-0.12061993  0.94187423 -0.31356621]\n",
      " [-0.83663542 -0.26646903 -0.47857646]]\n",
      "Headings:\n",
      " [[-0.53431452 -0.12061993 -0.83663542]\n",
      " [ 0.20461474  0.94187423 -0.26646903]\n",
      " [ 0.82014682 -0.31356621 -0.47857646]]\n",
      "Position:\n",
      " [-2.92327836  0.25843913  1.54132537]\n",
      "Rotation Matrix:\n",
      " [[-0.30798116  0.25535481  0.91648324]\n",
      " [-0.11195634  0.94688677 -0.30144854]\n",
      " [-0.94478219 -0.19544658 -0.2630347 ]]\n",
      "Headings:\n",
      " [[-0.30798116 -0.11195634 -0.94478219]\n",
      " [ 0.25535481  0.94688677 -0.19544658]\n",
      " [ 0.91648324 -0.30144854 -0.2630347 ]]\n",
      "Position:\n",
      " [-2.70771856  0.30610974  1.9591732 ]\n",
      "Rotation Matrix:\n",
      " [[-0.41474116  0.30695783  0.85660181]\n",
      " [-0.0866901   0.92377231 -0.37300072]\n",
      " [-0.90580053 -0.22895765 -0.3565162 ]]\n",
      "Headings:\n",
      " [[-0.41474116 -0.0866901  -0.90580053]\n",
      " [ 0.30695783  0.92377231 -0.22895765]\n",
      " [ 0.85660181 -0.37300072 -0.3565162 ]]\n",
      "Position:\n",
      " [-2.81770707  0.27376433  1.73770143]\n",
      "Rotation Matrix:\n",
      " [[-0.3570251   0.269779    0.89428875]\n",
      " [-0.1153531   0.93732352 -0.32881344]\n",
      " [-0.92694484 -0.22055363 -0.30352818]]\n",
      "Headings:\n",
      " [[-0.3570251  -0.1153531  -0.92694484]\n",
      " [ 0.269779    0.93732352 -0.22055363]\n",
      " [ 0.89428875 -0.32881344 -0.30352818]]\n",
      "Position:\n",
      " [-3.22565465  0.15136134  0.65101391]\n",
      "Rotation Matrix:\n",
      " [[-0.09879522  0.2588635   0.96084816]\n",
      " [-0.10472057  0.95750588 -0.26873051]\n",
      " [-0.98958229 -0.12716986 -0.06748867]]\n",
      "Headings:\n",
      " [[-0.09879522 -0.10472057 -0.98958229]\n",
      " [ 0.2588635   0.95750588 -0.12716986]\n",
      " [ 0.96084816 -0.26873051 -0.06748867]]\n",
      "Position:\n",
      " [-3.06059506  0.23371568  1.26830692]\n",
      "Rotation Matrix:\n",
      " [[-0.29994704  0.25319522  0.91974124]\n",
      " [-0.10923223  0.94867681 -0.29678382]\n",
      " [-0.94768143 -0.18948482 -0.25689572]]\n",
      "Headings:\n",
      " [[-0.29994704 -0.10923223 -0.94768143]\n",
      " [ 0.25319522  0.94867681 -0.18948482]\n",
      " [ 0.91974124 -0.29678382 -0.25689572]]\n",
      "Position:\n",
      " [-2.71398222  0.32439366  2.16155676]\n",
      "Rotation Matrix:\n",
      " [[-0.3831352   0.27111435  0.88300874]\n",
      " [-0.1023998   0.9375965  -0.3323057 ]\n",
      " [-0.91799875 -0.21773793 -0.33146416]]\n",
      "Headings:\n",
      " [[-0.3831352  -0.1023998  -0.91799875]\n",
      " [ 0.27111435  0.9375965  -0.21773793]\n",
      " [ 0.88300874 -0.3323057  -0.33146416]]\n",
      "Position:\n",
      " [-3.16754146  0.19545281  0.9574616 ]\n",
      "Rotation Matrix:\n",
      " [[-0.19184621  0.25674589  0.94724684]\n",
      " [-0.13305632  0.94945942 -0.28429354]\n",
      " [-0.97236364 -0.18057782 -0.14798853]]\n",
      "Headings:\n",
      " [[-0.19184621 -0.13305632 -0.97236364]\n",
      " [ 0.25674589  0.94945942 -0.18057782]\n",
      " [ 0.94724684 -0.28429354 -0.14798853]]\n",
      "Position:\n",
      " [-3.29202478  0.10792579  0.33431465]\n",
      "Rotation Matrix:\n",
      " [[-0.0035108   0.24187372  0.97030139]\n",
      " [-0.11055998  0.96426489 -0.24076899]\n",
      " [-0.99386325 -0.10812179  0.02335621]]\n",
      "Headings:\n",
      " [[-0.0035108  -0.11055998 -0.99386325]\n",
      " [ 0.24187372  0.96426489 -0.10812179]\n",
      " [ 0.97030139 -0.24076899  0.02335621]]\n",
      "Position:\n",
      " [-3.06441689  0.00714982 -0.25449424]\n",
      "Rotation Matrix:\n",
      " [[ 0.23980005  0.21485282  0.94674928]\n",
      " [-0.09987617  0.97548879 -0.19607747]\n",
      " [-0.96567111 -0.0475383   0.25538094]]\n",
      "Headings:\n",
      " [[ 0.23980005 -0.09987617 -0.96567111]\n",
      " [ 0.21485282  0.97548879 -0.0475383 ]\n",
      " [ 0.94674928 -0.19607747  0.25538094]]\n",
      "Position:\n",
      " [-2.94272181 -0.05723166 -0.62119153]\n",
      "Rotation Matrix:\n",
      " [[ 0.36242137  0.20717408  0.90869668]\n",
      " [-0.10042551  0.97798556 -0.18291793]\n",
      " [-0.92658808 -0.02496296  0.37524843]]\n",
      "Headings:\n",
      " [[ 0.36242137 -0.10042551 -0.92658808]\n",
      " [ 0.20717408  0.97798556 -0.02496296]\n",
      " [ 0.90869668 -0.18291793  0.37524843]]\n",
      "Position:\n",
      " [-3.16951793  0.06067542  0.02784692]\n",
      "Rotation Matrix:\n",
      " [[ 0.06448488  0.26134551  0.9630889 ]\n",
      " [-0.12957847  0.95911976 -0.25159234]\n",
      " [-0.98947012 -0.10857169  0.09571347]]\n",
      "Headings:\n",
      " [[ 0.06448488 -0.12957847 -0.98947012]\n",
      " [ 0.26134551  0.95911976 -0.10857169]\n",
      " [ 0.9630889  -0.25159234  0.09571347]]\n",
      "Position:\n",
      " [-3.00908019 -0.02100839 -0.44626673]\n",
      "Rotation Matrix:\n",
      " [[ 0.12311897  0.21486881  0.96885144]\n",
      " [-0.11142204  0.97309904 -0.20165162]\n",
      " [-0.98611706 -0.08312427  0.14374807]]\n",
      "Headings:\n",
      " [[ 0.12311897 -0.11142204 -0.98611706]\n",
      " [ 0.21486881  0.97309904 -0.08312427]\n",
      " [ 0.96885144 -0.20165162  0.14374807]]\n",
      "Position:\n",
      " [-2.83577331 -0.0859874  -0.75144352]\n",
      "Rotation Matrix:\n",
      " [[ 0.12875269  0.19988639  0.9713229 ]\n",
      " [-0.14131083  0.9731781  -0.18153686]\n",
      " [-0.98155692 -0.11388508  0.15354541]]\n",
      "Headings:\n",
      " [[ 0.12875269 -0.14131083 -0.98155692]\n",
      " [ 0.19988639  0.9731781  -0.11388508]\n",
      " [ 0.9713229  -0.18153686  0.15354541]]\n",
      "Position:\n",
      " [-2.79338863 -0.1188463  -0.98134738]\n",
      "Rotation Matrix:\n",
      " [[ 0.43708774  0.18720632  0.87972047]\n",
      " [-0.08630727  0.98231507 -0.16615704]\n",
      " [-0.89526832 -0.00330106  0.44551514]]\n",
      "Headings:\n",
      " [[ 0.43708774 -0.08630727 -0.89526832]\n",
      " [ 0.18720632  0.98231507 -0.00330106]\n",
      " [ 0.87972047 -0.16615704  0.44551514]]\n",
      "Position:\n",
      " [-2.78600403 -0.12114277 -0.9976028 ]\n",
      "Rotation Matrix:\n",
      " [[ 0.16069512  0.20677485  0.96510167]\n",
      " [-0.13244535  0.97348312 -0.18651766]\n",
      " [-0.97807735 -0.09785075  0.18382036]]\n",
      "Headings:\n",
      " [[ 0.16069512 -0.13244535 -0.97807735]\n",
      " [ 0.20677485  0.97348312 -0.09785075]\n",
      " [ 0.96510167 -0.18651766  0.18382036]]\n",
      "Position:\n",
      " [-2.5970647  -0.1877961  -1.59025764]\n",
      "Rotation Matrix:\n",
      " [[ 0.64333204  0.15307949  0.75012703]\n",
      " [-0.08502392  0.98803074 -0.12870971]\n",
      " [-0.76085138  0.01902433  0.64864725]]\n",
      "Headings:\n",
      " [[ 0.64333204 -0.08502392 -0.76085138]\n",
      " [ 0.15307949  0.98803074  0.01902433]\n",
      " [ 0.75012703 -0.12870971  0.64864725]]\n",
      "Position:\n",
      " [-2.7345948  -0.1549911  -1.32602455]\n",
      "Rotation Matrix:\n",
      " [[ 0.15457807  0.20292246  0.9669168 ]\n",
      " [-0.12501274  0.97483096 -0.18459796]\n",
      " [-0.98003951 -0.09234212  0.17605538]]\n",
      "Headings:\n",
      " [[ 0.15457807 -0.12501274 -0.98003951]\n",
      " [ 0.20292246  0.97483096 -0.09234212]\n",
      " [ 0.9669168  -0.18459796  0.17605538]]\n",
      "Position:\n",
      " [-2.58330248 -0.19204382 -1.61878799]\n",
      "Rotation Matrix:\n",
      " [[ 0.27622257  0.18432346  0.94325286]\n",
      " [-0.11628073  0.98063667 -0.15757703]\n",
      " [-0.95403348 -0.0661558   0.29230725]]\n",
      "Headings:\n",
      " [[ 0.27622257 -0.11628073 -0.95403348]\n",
      " [ 0.18432346  0.98063667 -0.0661558 ]\n",
      " [ 0.94325286 -0.15757703  0.29230725]]\n",
      "Position:\n",
      " [-2.75473074 -0.1497997  -1.28497439]\n",
      "Rotation Matrix:\n",
      " [[ 0.58668439  0.16573224  0.79267537]\n",
      " [-0.08599668  0.98604986 -0.14251401]\n",
      " [-0.80523661  0.0154433   0.59275248]]\n",
      "Headings:\n",
      " [[ 0.58668439 -0.08599668 -0.80523661]\n",
      " [ 0.16573224  0.98604986  0.0154433 ]\n",
      " [ 0.79267537 -0.14251401  0.59275248]]\n",
      "Position:\n",
      " [-2.20749695 -0.24859174 -1.97369484]\n",
      "Rotation Matrix:\n",
      " [[ 0.71995874  0.11667761  0.68413869]\n",
      " [-0.07017352  0.99295315 -0.09549724]\n",
      " [-0.69046005  0.02074565  0.72307298]]\n",
      "Headings:\n",
      " [[ 0.71995874 -0.07017352 -0.69046005]\n",
      " [ 0.11667761  0.99295315  0.02074565]\n",
      " [ 0.68413869 -0.09549724  0.72307298]]\n",
      "Position:\n",
      " [-2.45859314 -0.22120633 -1.82567651]\n",
      "Rotation Matrix:\n",
      " [[ 0.71799947  0.12333796  0.68502884]\n",
      " [-0.0773426   0.9922177  -0.09758152]\n",
      " [-0.69173324  0.01708157  0.72195106]]\n",
      "Headings:\n",
      " [[ 0.71799947 -0.0773426  -0.69173324]\n",
      " [ 0.12333796  0.9922177   0.01708157]\n",
      " [ 0.68502884 -0.09758152  0.72195106]]\n",
      "Position:\n",
      " [-2.13270265 -0.29083136 -2.31304361]\n",
      "Rotation Matrix:\n",
      " [[ 0.68349711  0.19799583  0.70258761]\n",
      " [-0.0925298   0.97824703 -0.18566364]\n",
      " [-0.72406487  0.06189027  0.68694953]]\n",
      "Headings:\n",
      " [[ 0.68349711 -0.0925298  -0.72406487]\n",
      " [ 0.19799583  0.97824703  0.06189027]\n",
      " [ 0.70258761 -0.18566364  0.68694953]]\n",
      "Position:\n",
      " [-2.20058193 -0.25848279 -1.98998902]\n",
      "Rotation Matrix:\n",
      " [[ 0.52427654  0.28391694  0.80282332]\n",
      " [-0.07745683  0.95477257 -0.28707102]\n",
      " [-0.84801801  0.08832045  0.52255617]]\n",
      "Headings:\n",
      " [[ 0.52427654 -0.07745683 -0.84801801]\n",
      " [ 0.28391694  0.95477257  0.08832045]\n",
      " [ 0.80282332 -0.28707102  0.52255617]]\n",
      "Position:\n",
      " [-2.44192974 -0.22784612 -1.84851877]\n",
      "Rotation Matrix:\n",
      " [[ 0.39284141  0.21222188  0.89478349]\n",
      " [-0.10802264  0.9769202  -0.18427706]\n",
      " [-0.91323969 -0.02426521  0.40669947]]\n",
      "Headings:\n",
      " [[ 0.39284141 -0.10802264 -0.91323969]\n",
      " [ 0.21222188  0.9769202  -0.02426521]\n",
      " [ 0.89478349 -0.18427706  0.40669947]]\n",
      "Position:\n",
      " [-1.90626653 -0.33626081 -2.56277849]\n",
      "Rotation Matrix:\n",
      " [[ 0.73776405  0.16113413  0.65554557]\n",
      " [-0.05897745  0.98276637 -0.17519112]\n",
      " [-0.67247741  0.09058731  0.73455298]]\n",
      "Headings:\n",
      " [[ 0.73776405 -0.05897745 -0.67247741]\n",
      " [ 0.16113413  0.98276637  0.09058731]\n",
      " [ 0.65554557 -0.17519112  0.73455298]]\n",
      "Position:\n",
      " [-1.46618984 -0.4009382  -2.95560545]\n",
      "Rotation Matrix:\n",
      " [[ 0.82694819  0.12057635  0.54919763]\n",
      " [-0.03951574  0.98678416 -0.1571481 ]\n",
      " [-0.56088786  0.10825138  0.82078404]]\n",
      "Headings:\n",
      " [[ 0.82694819 -0.03951574 -0.56088786]\n",
      " [ 0.12057635  0.98678416  0.10825138]\n",
      " [ 0.54919763 -0.1571481   0.82078404]]\n",
      "Position:\n",
      " [-1.77009639 -0.3536614  -2.68989564]\n",
      "Rotation Matrix:\n",
      " [[ 0.79408786  0.15095464  0.58875901]\n",
      " [-0.07105263  0.98508117 -0.15673737]\n",
      " [-0.60363565  0.08263037  0.79296672]]\n",
      "Headings:\n",
      " [[ 0.79408786 -0.07105263 -0.60363565]\n",
      " [ 0.15095464  0.98508117  0.08263037]\n",
      " [ 0.58875901 -0.15673737  0.79296672]]\n",
      "Position:\n",
      " [-1.31070365 -0.42579109 -3.05959181]\n",
      "Rotation Matrix:\n",
      " [[ 0.85725394  0.11612381  0.50162829]\n",
      " [-0.03954009  0.98620628 -0.16072884]\n",
      " [-0.51337341  0.11795101  0.85002076]]\n",
      "Headings:\n",
      " [[ 0.85725394 -0.03954009 -0.51337341]\n",
      " [ 0.11612381  0.98620628  0.11795101]\n",
      " [ 0.50162829 -0.16072884  0.85002076]]\n",
      "Position:\n",
      " [-1.16083565 -0.45355362 -3.19298599]\n",
      "Rotation Matrix:\n",
      " [[ 0.88373929  0.09628197  0.45796795]\n",
      " [-0.02845482  0.98785141 -0.15277409]\n",
      " [-0.46711367  0.12198107  0.87574279]]\n",
      "Headings:\n",
      " [[ 0.88373929 -0.02845482 -0.46711367]\n",
      " [ 0.09628197  0.98785141  0.12198107]\n",
      " [ 0.45796795 -0.15277409  0.87574279]]\n",
      "Position:\n",
      " [-1.61436056 -0.37903173 -2.84936186]\n",
      "Rotation Matrix:\n",
      " [[ 0.83492422  0.12440889  0.53611936]\n",
      " [-0.0487418   0.98700317 -0.15313058]\n",
      " [-0.54820231  0.10172101  0.83013677]]\n",
      "Headings:\n",
      " [[ 0.83492422 -0.0487418  -0.54820231]\n",
      " [ 0.12440889  0.98700317  0.10172101]\n",
      " [ 0.53611936 -0.15313058  0.83013677]]\n",
      "Position:\n",
      " [-0.82225594 -0.49549622 -3.37783472]\n",
      "Rotation Matrix:\n",
      " [[ 0.91087481  0.06640836  0.40730457]\n",
      " [-0.00861837  0.9898135  -0.14210898]\n",
      " [-0.41259279  0.12593319  0.90216851]]\n",
      "Headings:\n",
      " [[ 0.91087481 -0.00861837 -0.41259279]\n",
      " [ 0.06640836  0.9898135   0.12593319]\n",
      " [ 0.40730457 -0.14210898  0.90216851]]\n",
      "Position:\n",
      " [-0.98958357 -0.47306455 -3.28248551]\n",
      "Rotation Matrix:\n",
      " [[ 0.90641068  0.0904195   0.41260634]\n",
      " [-0.03075618  0.98835494 -0.14902543]\n",
      " [-0.42127632  0.12238805  0.89863643]]\n",
      "Headings:\n",
      " [[ 0.90641068 -0.03075618 -0.42127632]\n",
      " [ 0.0904195   0.98835494  0.12238805]\n",
      " [ 0.41260634 -0.14902543  0.89863643]]\n",
      "Position:\n",
      " [-0.43312929 -0.5273639  -3.53210991]\n",
      "Rotation Matrix:\n",
      " [[ 0.94483441  0.03272521  0.32590951]\n",
      " [ 0.00691722  0.99278111 -0.1197406 ]\n",
      " [-0.32747534  0.11538942  0.93778739]]\n",
      "Headings:\n",
      " [[ 0.94483441  0.00691722 -0.32747534]\n",
      " [ 0.03272521  0.99278111  0.11538942]\n",
      " [ 0.32590951 -0.1197406   0.93778739]]\n",
      "Position:\n",
      " [-0.23556715 -0.53396325 -3.5667718 ]\n",
      "Rotation Matrix:\n",
      " [[ 0.94504121  0.01702678  0.32650758]\n",
      " [ 0.01081555  0.99646845 -0.0832685 ]\n",
      " [-0.3267723   0.08222352  0.9415196 ]]\n",
      "Headings:\n",
      " [[ 0.94504121  0.01081555 -0.3267723 ]\n",
      " [ 0.01702678  0.99646845  0.08222352]\n",
      " [ 0.32650758 -0.0832685   0.9415196 ]]\n",
      "Position:\n",
      " [-0.62401754 -0.51179872 -3.45555708]\n",
      "Rotation Matrix:\n",
      " [[ 0.93570312  0.03985525  0.35052991]\n",
      " [ 0.00711586  0.99126385 -0.13170175]\n",
      " [-0.35271664  0.12572806  0.92724507]]\n",
      "Headings:\n",
      " [[ 0.93570312  0.00711586 -0.35271664]\n",
      " [ 0.03985525  0.99126385  0.12572806]\n",
      " [ 0.35052991 -0.13170175  0.92724507]]\n",
      "Position:\n",
      " [ 0.43321599 -0.50106875 -3.37580768]\n",
      "Rotation Matrix:\n",
      " [[ 9.80061398e-01  8.11926595e-04  1.98693221e-01]\n",
      " [ 8.72108115e-03  9.98852170e-01 -4.70986859e-02]\n",
      " [-1.98503396e-01  4.78924237e-02  9.78929373e-01]]\n",
      "Headings:\n",
      " [[ 9.80061398e-01  8.72108115e-03 -1.98503396e-01]\n",
      " [ 8.11926595e-04  9.98852170e-01  4.78924237e-02]\n",
      " [ 1.98693221e-01 -4.70986859e-02  9.78929373e-01]]\n",
      "Position:\n",
      " [-0.17640353 -0.54001959 -3.57603589]\n",
      "Rotation Matrix:\n",
      " [[ 0.94739934  0.0162125   0.31964301]\n",
      " [ 0.02196213  0.99306893 -0.11546329]\n",
      " [-0.31929949  0.11640988  0.94047678]]\n",
      "Headings:\n",
      " [[ 0.94739934  0.02196213 -0.31929949]\n",
      " [ 0.0162125   0.99306893  0.11640988]\n",
      " [ 0.31964301 -0.11546329  0.94047678]]\n",
      "Position:\n",
      " [ 0.02698493 -0.54047404 -3.58019389]\n",
      "Rotation Matrix:\n",
      " [[ 0.97096772  0.009261    0.23903122]\n",
      " [ 0.01589106  0.99454575 -0.10308357]\n",
      " [-0.23868214  0.10388928  0.96552465]]\n",
      "Headings:\n",
      " [[ 0.97096772  0.01589106 -0.23868214]\n",
      " [ 0.009261    0.99454575  0.10388928]\n",
      " [ 0.23903122 -0.10308357  0.96552465]]\n",
      "Position:\n",
      " [ 0.72685282 -0.49502754 -3.34381888]\n",
      "Rotation Matrix:\n",
      " [[ 0.99564036 -0.0064552   0.09305165]\n",
      " [ 0.00447748  0.99975996  0.02144713]\n",
      " [-0.09316775 -0.02093699  0.99543026]]\n",
      "Headings:\n",
      " [[ 0.99564036  0.00447748 -0.09316775]\n",
      " [-0.0064552   0.99975996 -0.02093699]\n",
      " [ 0.09305165  0.02144713  0.99543026]]\n",
      "Position:\n",
      " [ 1.58345179 -0.52339351 -3.36084178]\n",
      "Rotation Matrix:\n",
      " [[ 0.94428501 -0.06976138 -0.3216507 ]\n",
      " [ 0.06523119  0.99756061 -0.02485419]\n",
      " [ 0.32259993  0.00248778  0.94653214]]\n",
      "Headings:\n",
      " [[ 0.94428501  0.06523119  0.32259993]\n",
      " [-0.06976138  0.99756061  0.00248778]\n",
      " [-0.3216507  -0.02485419  0.94653214]]\n",
      "Position:\n",
      " [ 0.22108022 -0.52499301 -3.51087704]\n",
      "Rotation Matrix:\n",
      " [[ 0.96635043  0.02610617  0.255901  ]\n",
      " [-0.00426688  0.99632654 -0.08552907]\n",
      " [-0.25719379  0.08155916  0.96291197]]\n",
      "Headings:\n",
      " [[ 0.96635043 -0.00426688 -0.25719379]\n",
      " [ 0.02610617  0.99632654  0.08155916]\n",
      " [ 0.255901   -0.08552907  0.96291197]]\n",
      "Position:\n",
      " [0. 0. 0.]\n",
      "Rotation Matrix:\n",
      " [[0. 0. 0.]\n",
      " [0. 0. 0.]\n",
      " [0. 0. 0.]]\n",
      "Headings:\n",
      " [[0. 0. 0.]\n",
      " [0. 0. 0.]\n",
      " [0. 0. 0.]]\n",
      "Position:\n",
      " [ 1.8150029  -0.49959929 -3.25851572]\n",
      "Rotation Matrix:\n",
      " [[ 0.98195877 -0.01802865 -0.18823372]\n",
      " [ 0.02392226  0.99929064  0.02908517]\n",
      " [ 0.18757583 -0.03306341  0.9816935 ]]\n",
      "Headings:\n",
      " [[ 0.98195877  0.02392226  0.18757583]\n",
      " [-0.01802865  0.99929064 -0.03306341]\n",
      " [-0.18823372  0.02908517  0.9816935 ]]\n",
      "Position:\n",
      " [0. 0. 0.]\n",
      "Rotation Matrix:\n",
      " [[0. 0. 0.]\n",
      " [0. 0. 0.]\n",
      " [0. 0. 0.]]\n",
      "Headings:\n",
      " [[0. 0. 0.]\n",
      " [0. 0. 0.]\n",
      " [0. 0. 0.]]\n",
      "Position:\n",
      " [ 2.0632799  -0.5298274  -3.23338996]\n",
      "Rotation Matrix:\n",
      " [[ 0.86144414 -0.20930478 -0.46271537]\n",
      " [ 0.09414229  0.96114411 -0.25949804]\n",
      " [ 0.49905033  0.17998199  0.84767639]]\n",
      "Headings:\n",
      " [[ 0.86144414  0.09414229  0.49905033]\n",
      " [-0.20930478  0.96114411  0.17998199]\n",
      " [-0.46271537 -0.25949804  0.84767639]]\n",
      "Position:\n",
      " [ 1.30922387 -0.52928638 -3.41355967]\n",
      "Rotation Matrix:\n",
      " [[ 0.9903016  -0.03983495 -0.13310112]\n",
      " [ 0.03531162  0.99872143 -0.03617451]\n",
      " [ 0.13437195  0.03112366  0.99044207]]\n",
      "Headings:\n",
      " [[ 0.9903016   0.03531162  0.13437195]\n",
      " [-0.03983495  0.99872143  0.03112366]\n",
      " [-0.13310112 -0.03617451  0.99044207]]\n",
      "Position:\n",
      " [ 2.10198467 -0.52440024 -3.22000276]\n",
      "Rotation Matrix:\n",
      " [[ 0.99871014 -0.04931589 -0.01208317]\n",
      " [ 0.04614845  0.98088393 -0.18904244]\n",
      " [ 0.02117499  0.18824098  0.98189457]]\n",
      "Headings:\n",
      " [[ 0.99871014  0.04614845  0.02117499]\n",
      " [-0.04931589  0.98088393  0.18824098]\n",
      " [-0.01208317 -0.18904244  0.98189457]]\n",
      "Position:\n",
      " [ 2.38520613 -0.48473997 -3.14714641]\n",
      "Rotation Matrix:\n",
      " [[ 0.78774915 -0.0885572  -0.60959733]\n",
      " [ 0.10275441  0.99463784 -0.01170878]\n",
      " [ 0.60736547 -0.05341523  0.79262476]]\n",
      "Headings:\n",
      " [[ 0.78774915  0.10275441  0.60736547]\n",
      " [-0.0885572   0.99463784 -0.05341523]\n",
      " [-0.60959733 -0.01170878  0.79262476]]\n",
      "Position:\n",
      " [ 2.96169951 -0.4101562  -2.63340335]\n",
      "Rotation Matrix:\n",
      " [[ 0.69137911 -0.142128   -0.70837459]\n",
      " [ 0.11069133  0.98972198 -0.09054183]\n",
      " [ 0.71396243 -0.0158122   0.70000544]]\n",
      "Headings:\n",
      " [[ 0.69137911  0.11069133  0.71396243]\n",
      " [-0.142128    0.98972198 -0.0158122 ]\n",
      " [-0.70837459 -0.09054183  0.70000544]]\n",
      "Position:\n",
      " [ 3.40975768 -0.36234217 -2.3361448 ]\n",
      "Rotation Matrix:\n",
      " [[ 0.5525214  -0.17599956 -0.81470501]\n",
      " [ 0.13427212  0.98348026 -0.12139839]\n",
      " [ 0.82261236 -0.04231696  0.56702573]]\n",
      "Headings:\n",
      " [[ 0.5525214   0.13427212  0.82261236]\n",
      " [-0.17599956  0.98348026 -0.04231696]\n",
      " [-0.81470501 -0.12139839  0.56702573]]\n",
      "Position:\n",
      " [ 2.68516281 -0.46880617 -2.99486882]\n",
      "Rotation Matrix:\n",
