{
 "cells": [
  {
   "cell_type": "markdown",
   "id": "36f70a3b-3007-40d8-b8ee-8feaba720692",
   "metadata": {},
   "source": [
    "# Homography transform practice "
   ]
  },
  {
   "cell_type": "markdown",
   "id": "a87cce53-06ae-4fdf-bb7f-83021f76b032",
   "metadata": {},
   "source": [
    "Homography - mathematical transformation that maps points in one plane to points in another plane\n",
    "\n",
    "Goal: accomplish this with ground plane points for a COLMAP cloud\n",
    "\n",
    "Create a top-down cloud of the SfM generated cloud \n",
    "\n",
    "To be used for satellite matching "
   ]
  },
  {
   "cell_type": "markdown",
   "id": "7ae33869-7614-4bb2-bc7d-8cb743412887",
   "metadata": {},
   "source": [
    "FIRST: Transform COLMAP coordinates to a reference image frame of my choosing "
   ]
  },
  {
   "cell_type": "markdown",
   "id": "1bbf26bb-20c0-4dad-8fc3-f5906beced7c",
   "metadata": {},
   "source": [
    "CHECKLIST\n",
    "\n",
    "- Get pose 1 with known points on the ground plane\n",
    "- Get points from that recognized pose \n",
    "- Choose a reference camera location\n",
    "- Get a translation and rotation for that camera location\n",
    "- Perform matrix math on each point in COLMAP --> translate to ref coordinates\n",
    "- Plot asterisk to confirm same location"
   ]
  },
  {
   "cell_type": "code",
   "execution_count": 1,
   "id": "8ca64964-0e50-4987-8af2-bdc94e21a59b",
   "metadata": {},
   "outputs": [
    {
     "name": "stdout",
     "output_type": "stream",
     "text": [
      "Jupyter environment detected. Enabling Open3D WebVisualizer.\n",
      "[Open3D INFO] WebRTC GUI backend enabled.\n",
      "[Open3D INFO] WebRTCWindowSystem: HTTP handshake server disabled.\n"
     ]
    },
    {
     "data": {
      "application/javascript": [
       "IPython.notebook.set_autosave_interval(180000)"
      ]
     },
     "metadata": {},
     "output_type": "display_data"
    },
    {
     "name": "stdout",
     "output_type": "stream",
     "text": [
      "Autosaving every 180 seconds\n"
     ]
    }
   ],
   "source": [
    "import numpy as np\n",
    "import cv2\n",
    "from skimage import *\n",
    "from skimage import feature\n",
    "import math\n",
    "import matplotlib.pyplot as plt\n",
    "import copy\n",
    "\n",
    "from colmapParsingUtils import *\n",
    "from ptCloudParsingUtils import *\n",
    "\n",
    "\n",
    "from scipy.spatial.distance import euclidean\n",
    "from skimage import io\n",
    "from skimage import color\n",
    "from skimage.transform import resize\n",
    "import math\n",
    "from skimage.feature import hog\n",
    "\n",
    "%load_ext autoreload\n",
    "%autoreload 2\n",
    "%autosave 180"
   ]
  },
  {
   "cell_type": "markdown",
   "id": "867237bf-4570-4467-bb9a-833c4ebec9c6",
   "metadata": {},
   "source": [
    "### NOTE: for coord frames\n",
    "\n",
    "- RED: X-direction --> points positive\n",
    "- GREEN: Y-direction --> points positive\n",
    "- BLUE: Z-direction --> points positive"
   ]
  },
  {
   "cell_type": "markdown",
   "id": "5f08cc3d-7627-45f1-8118-477104d76d60",
   "metadata": {},
   "source": [
    "### Load point cloud data "
   ]
  },
  {
   "cell_type": "code",
   "execution_count": 2,
   "id": "05a1d51b-92e8-40d1-ac53-ba6835aed9ea",
   "metadata": {},
   "outputs": [],
   "source": [
    "# # Scene: Tufts Turf Scene (generated by COLMAP with personal photos)\n",
    "# imagedata_fn = \"/home/daniel-choate/ASAR/s2/TerrainNav/TTurf/images.txt\"\n",
    "# cameradata_fn = \"/home/daniel-choate/ASAR/s2/TerrainNav/TTurf/cameras.txt\"\n",
    "# pointdata_fn = \"/home/daniel-choate/ASAR/s2/TerrainNav/TTurf/points3D.txt\"\n",
    "# images_colmap = read_images_text('/home/daniel-choate/ASAR/s2/TerrainNav/TTurf/images.txt')\n",
    "# cameras = read_cameras_text('/home/daniel-choate/ASAR/s2/TerrainNav/TTurf/cameras.txt')\n",
    "# pts3d = read_points3D_text('/home/daniel-choate/ASAR/s2/TerrainNav/TTurf/points3D.txt')\n",
    "\n",
    "# Scene: Tufts Walkway Scene (generated by COLMAP with personal photos)\n",
    "imagedata_fn = \"/home/daniel-choate/ASAR/s2/TerrainNav/TuftsWalkway/images.txt\"\n",
    "cameradata_fn = \"/home/daniel-choate/ASAR/s2/TerrainNav/TuftsWalkway/cameras.txt\"\n",
    "pointdata_fn = \"/home/daniel-choate/ASAR/s2/TerrainNav/TuftsWalkway/points3D.txt\"\n",
    "images_colmap = read_images_text('/home/daniel-choate/ASAR/s2/TerrainNav/TuftsWalkway/images.txt')\n",
    "cameras = read_cameras_text('/home/daniel-choate/ASAR/s2/TerrainNav/TuftsWalkway/cameras.txt')\n",
    "pts3d = read_points3D_text('/home/daniel-choate/ASAR/s2/TerrainNav/TuftsWalkway/points3D.txt')"
   ]
  },
  {
   "cell_type": "code",
   "execution_count": 3,
   "id": "21de8002-a316-4783-a5b3-737f49343a6f",
   "metadata": {},
   "outputs": [
    {
     "name": "stdout",
     "output_type": "stream",
     "text": [
      "{1: Camera(id=1, model='SIMPLE_RADIAL', width=4032, height=3024, params=array([3.01197387e+03, 2.01600000e+03, 1.51200000e+03, 4.75021228e-02]))}\n"
     ]
    }
   ],
   "source": [
    "# print(images_colmap)\n",
    "print(cameras)\n",
    "# print(pts3d)"
   ]
  },
  {
   "cell_type": "markdown",
   "id": "19a6cfa3-4e04-47ac-9cbc-9b62f4c85acf",
   "metadata": {},
   "source": [
    "pts3D\n",
    "- point id number\n",
    "- xyz position (in relation to colmap coordinates\n",
    "- rgb value\n",
    "- Reprojection error\n",
    "- image_ids: Which images the point was observed in\n",
    "- point2D_idxs: The 2D feature matches (same length as image_ids)\n",
    "    - An index into the list of detected 2D keypoints in a specific image\n",
    "    - Features like corners, edges, or interested points"
   ]
  },
  {
   "cell_type": "code",
   "execution_count": 4,
   "id": "5989a3a7-f463-4f83-b70e-3c1a3caa762c",
   "metadata": {},
   "outputs": [],
   "source": [
    "# Extract 3d points from raw file \n",
    "\n",
    "# pointdata_fn = \"/home/daniel-choate/ASAR/s2/TerrainNav/TTurf/points3D.txt\"\n",
    "pointdata_fn = \"/home/daniel-choate/ASAR/s2/TerrainNav/TuftsWalkway/points3D.txt\"\n",
    "\n",
    "num_pts = 75497 # Gerrard Hall\n",
    "\n",
    "# points_data = []\n",
    "scene_pts = np.zeros([num_pts, 3]) \n",
    "idx = 0\n",
    "\n",
    "with open(pointdata_fn, 'r') as file:\n",
    "    lines = file.readlines()[3:]  # Skip the first three lines\n",
    "    \n",
    "    for line in lines:\n",
    "        elements = line.strip().split()\n",
    "        \n",
    "        row = [float(elem) for elem in list(elements)]\n",
    "\n",
    "        scene_pts[idx,0] = row[1]\n",
    "        scene_pts[idx,1] = row[2]\n",
    "        scene_pts[idx,2] = row[3]\n",
    "        idx += 1\n",
    "\n",
    "# Filter RGB data into separate numpy array \n",
    "rgb_data = np.zeros([num_pts, 3])\n",
    "idx = 0\n",
    "\n",
    "with open(pointdata_fn, 'r') as file:\n",
    "    lines = file.readlines()[3:] # Skip the first three lines \n",
    "    for line in lines:\n",
    "        elements = line.strip().split()\n",
    "        row = [float(elem) for elem in list(elements)]\n",
    "\n",
    "        rgb_data[idx,0] = row[4]\n",
    "        rgb_data[idx,1] = row[5]\n",
    "        rgb_data[idx,2] = row[6]\n",
    "        idx += 1\n",
    "\n",
    "# SCALE COLORS\n",
    "rgb_data = rgb_data/255\n",
    "# print(scene_pts[:10])\n",
    "\n",
    "# Filter RGB data into separate numpy array with ALPHA\n",
    "rgba_data = np.zeros([num_pts, 4])\n",
    "idx = 0\n",
    "\n",
    "with open(pointdata_fn, 'r') as file:\n",
    "    lines = file.readlines()[3:] # Skip the first three lines \n",
    "    for line in lines:\n",
    "        elements = line.strip().split()\n",
    "        row = [float(elem) for elem in list(elements)]\n",
    "\n",
    "        rgba_data[idx,0] = row[4]\n",
    "        rgba_data[idx,1] = row[5]\n",
    "        rgba_data[idx,2] = row[6]\n",
    "        rgba_data[idx,3] = .5\n",
    "        idx += 1\n",
    "\n",
    "# SCALE COLORS\n",
    "# rgba_data = rgba_data/255\n",
    "rgba_data[:, :3] = rgba_data[:, :3] / 255\n",
    "# print(scene_pts[:10])"
   ]
  },
  {
   "cell_type": "markdown",
   "id": "5b580156-ec7e-469c-960b-1601d94bf826",
   "metadata": {},
   "source": [
    "# Get camera poses "
   ]
  },
  {
   "cell_type": "code",
   "execution_count": 5,
   "id": "cb5a7165-e186-4696-aafe-993906d8a68d",
   "metadata": {},
   "outputs": [
    {
     "name": "stdout",
     "output_type": "stream",
     "text": [
      "\n",
      " Rotation matrix \n",
      " [[ 0.97951901  0.10862608  0.16953726]\n",
      " [-0.15727653  0.9385059   0.30736096]\n",
      " [-0.1257243  -0.32773014  0.93636871]]\n",
      "\n",
      " Rotation matrix2 \n",
      " [[ 0.97951901  0.10862608  0.16953726]\n",
      " [-0.15727653  0.9385059   0.30736096]\n",
      " [-0.1257243  -0.32773014  0.93636871]]\n",
      "\n",
      " Rotation matrix \n",
      " [[ 0.98278875  0.09201943  0.16018331]\n",
      " [-0.13578864  0.9477506   0.28866978]\n",
      " [-0.1252506  -0.30545249  0.94393382]]\n",
      "\n",
      " Rotation matrix2 \n",
      " [[ 0.98278875  0.09201943  0.16018331]\n",
      " [-0.13578864  0.9477506   0.28866978]\n",
      " [-0.1252506  -0.30545249  0.94393382]]\n",
      "\n",
      " Rotation matrix \n",
      " [[ 0.98217394  0.09603773  0.16158929]\n",
      " [-0.14004436  0.94726535  0.28822895]\n",
      " [-0.12538708 -0.30572063  0.94382889]]\n",
      "\n",
      " Rotation matrix2 \n",
      " [[ 0.98217394  0.09603773  0.16158929]\n",
      " [-0.14004436  0.94726535  0.28822895]\n",
      " [-0.12538708 -0.30572063  0.94382889]]\n",
      "\n",
      " Rotation matrix \n",
      " [[ 0.98858845  0.0889597   0.12156911]\n",
      " [-0.11910718  0.9556802   0.26923752]\n",
      " [-0.0922299  -0.28064486  0.95537014]]\n",
      "\n",
      " Rotation matrix2 \n",
      " [[ 0.98858845  0.0889597   0.12156911]\n",
      " [-0.11910718  0.9556802   0.26923752]\n",
      " [-0.0922299  -0.28064486  0.95537014]]\n",
      "\n",
      " Rotation matrix \n",
      " [[ 0.98788125  0.09889236  0.11962829]\n",
      " [-0.13013053  0.94780298  0.29109371]\n",
      " [-0.08459711 -0.30313331  0.94918572]]\n",
      "\n",
      " Rotation matrix2 \n",
      " [[ 0.98788125  0.09889236  0.11962829]\n",
      " [-0.13013053  0.94780298  0.29109371]\n",
      " [-0.08459711 -0.30313331  0.94918572]]\n",
      "\n",
      " Rotation matrix \n",
      " [[ 0.9859072   0.10740342  0.12826336]\n",
      " [-0.14067166  0.94720286  0.28812884]\n",
      " [-0.0905454  -0.30211132  0.94896274]]\n",
      "\n",
      " Rotation matrix2 \n",
      " [[ 0.9859072   0.10740342  0.12826336]\n",
      " [-0.14067166  0.94720286  0.28812884]\n",
      " [-0.0905454  -0.30211132  0.94896274]]\n",
      "\n",
      " Rotation matrix \n",
      " [[ 0.98870939  0.1228609   0.08578422]\n",
      " [-0.14153648  0.95369434  0.26539504]\n",
      " [-0.04920526 -0.27454017  0.96031585]]\n",
      "\n",
      " Rotation matrix2 \n",
      " [[ 0.98870939  0.1228609   0.08578422]\n",
      " [-0.14153648  0.95369434  0.26539504]\n",
      " [-0.04920526 -0.27454017  0.96031585]]\n",
      "\n",
      " Rotation matrix \n",
      " [[ 0.99156048  0.10266617  0.07916731]\n",
      " [-0.11860016  0.964959    0.23406864]\n",
      " [-0.05236228 -0.24148247  0.96899144]]\n",
      "\n",
      " Rotation matrix2 \n",
      " [[ 0.99156048  0.10266617  0.07916731]\n",
      " [-0.11860016  0.964959    0.23406864]\n",
      " [-0.05236228 -0.24148247  0.96899144]]\n",
      "\n",
      " Rotation matrix \n",
      " [[ 0.99160834  0.10653907  0.0732279 ]\n",
      " [-0.12007141  0.9689278   0.21624469]\n",
      " [-0.04791404 -0.22322261  0.97358919]]\n",
      "\n",
      " Rotation matrix2 \n",
      " [[ 0.99160834  0.10653907  0.0732279 ]\n",
      " [-0.12007141  0.9689278   0.21624469]\n",
      " [-0.04791404 -0.22322261  0.97358919]]\n",
      "\n",
      " Rotation matrix \n",
      " [[ 0.99223486  0.11182016  0.05446317]\n",
      " [-0.11962392  0.97786305  0.17167984]\n",
      " [-0.03406025 -0.17686182  0.98364617]]\n",
      "\n",
      " Rotation matrix2 \n",
      " [[ 0.99223486  0.11182016  0.05446317]\n",
      " [-0.11962392  0.97786305  0.17167984]\n",
      " [-0.03406025 -0.17686182  0.98364617]]\n",
      "\n",
      " Rotation matrix \n",
      " [[ 0.9917455   0.11971798  0.04591808]\n",
      " [-0.1253185   0.98078054  0.1495487 ]\n",
      " [-0.0271319  -0.15406863  0.98768756]]\n",
      "\n",
      " Rotation matrix2 \n",
      " [[ 0.9917455   0.11971798  0.04591808]\n",
      " [-0.1253185   0.98078054  0.1495487 ]\n",
      " [-0.0271319  -0.15406863  0.98768756]]\n",
      "\n",
      " Rotation matrix \n",
      " [[ 0.99043858  0.1377089   0.00822711]\n",
      " [-0.13739875  0.97934603  0.1483339 ]\n",
      " [ 0.01236971 -0.14804601  0.98890311]]\n",
      "\n",
      " Rotation matrix2 \n",
      " [[ 0.99043858  0.1377089   0.00822711]\n",
      " [-0.13739875  0.97934603  0.1483339 ]\n",
      " [ 0.01236971 -0.14804601  0.98890311]]\n",
      "\n",
      " Rotation matrix \n",
      " [[ 0.99297945  0.11774234 -0.01133843]\n",
      " [-0.11555516  0.98606152  0.11970663]\n",
      " [ 0.02527493 -0.11755601  0.99274456]]\n",
      "\n",
      " Rotation matrix2 \n",
      " [[ 0.99297945  0.11774234 -0.01133843]\n",
      " [-0.11555516  0.98606152  0.11970663]\n",
      " [ 0.02527493 -0.11755601  0.99274456]]\n",
      "\n",
      " Rotation matrix \n",
      " [[ 0.99140945  0.12987188 -0.01551146]\n",
      " [-0.12550838  0.97800035  0.16662221]\n",
      " [ 0.03680976 -0.16324402  0.98589879]]\n",
      "\n",
      " Rotation matrix2 \n",
      " [[ 0.99140945  0.12987188 -0.01551146]\n",
      " [-0.12550838  0.97800035  0.16662221]\n",
      " [ 0.03680976 -0.16324402  0.98589879]]\n",
      "\n",
      " Rotation matrix \n",
      " [[ 0.99197902  0.12514189 -0.0178083 ]\n",
      " [-0.12190942  0.98440438  0.12683101]\n",
      " [ 0.03340244 -0.1236427   0.99176447]]\n",
      "\n",
      " Rotation matrix2 \n",
      " [[ 0.99197902  0.12514189 -0.0178083 ]\n",
      " [-0.12190942  0.98440438  0.12683101]\n",
      " [ 0.03340244 -0.1236427   0.99176447]]\n",
      "\n",
      " Rotation matrix \n",
      " [[ 0.99354005  0.11163457 -0.02039366]\n",
      " [-0.10871858  0.98785963  0.11096672]\n",
      " [ 0.03253379 -0.10803271  0.99361486]]\n",
      "\n",
      " Rotation matrix2 \n",
      " [[ 0.99354005  0.11163457 -0.02039366]\n",
      " [-0.10871858  0.98785963  0.11096672]\n",
      " [ 0.03253379 -0.10803271  0.99361486]]\n",
      "\n",
      " Rotation matrix \n",
      " [[ 0.98798792  0.1545272  -0.00110492]\n",
      " [-0.14783747  0.94724963  0.28436282]\n",
      " [ 0.04498843 -0.28078369  0.9587161 ]]\n",
      "\n",
      " Rotation matrix2 \n",
      " [[ 0.98798792  0.1545272  -0.00110492]\n",
      " [-0.14783747  0.94724963  0.28436282]\n",
      " [ 0.04498843 -0.28078369  0.9587161 ]]\n",
      "\n",
      " Rotation matrix \n",
      " [[ 0.99002615  0.10308332 -0.09603148]\n",
      " [-0.10433835  0.99450865 -0.00812687]\n",
      " [ 0.0946664   0.01806558  0.99534512]]\n",
      "\n",
      " Rotation matrix2 \n",
      " [[ 0.99002615  0.10308332 -0.09603148]\n",
      " [-0.10433835  0.99450865 -0.00812687]\n",
      " [ 0.0946664   0.01806558  0.99534512]]\n",
      "\n",
      " Rotation matrix \n",
      " [[ 0.98642038  0.13426987 -0.09458555]\n",
      " [-0.11853456  0.98063635  0.15589069]\n",
      " [ 0.11368545 -0.1425621   0.98323531]]\n",
      "\n",
      " Rotation matrix2 \n",
      " [[ 0.98642038  0.13426987 -0.09458555]\n",
      " [-0.11853456  0.98063635  0.15589069]\n",
      " [ 0.11368545 -0.1425621   0.98323531]]\n",
      "\n",
      " Rotation matrix \n",
      " [[ 0.99074439  0.13244821 -0.02971564]\n",
      " [-0.12585546  0.97832386  0.16444704]\n",
      " [ 0.05085224 -0.15918511  0.98593821]]\n",
      "\n",
      " Rotation matrix2 \n",
      " [[ 0.99074439  0.13244821 -0.02971564]\n",
      " [-0.12585546  0.97832386  0.16444704]\n",
      " [ 0.05085224 -0.15918511  0.98593821]]\n",
      "\n",
      " Rotation matrix \n",
      " [[ 0.99233346  0.12086795 -0.02579222]\n",
      " [-0.11773875  0.98799192  0.10004776]\n",
      " [ 0.03757507 -0.096244    0.99464828]]\n",
      "\n",
      " Rotation matrix2 \n",
      " [[ 0.99233346  0.12086795 -0.02579222]\n",
      " [-0.11773875  0.98799192  0.10004776]\n",
      " [ 0.03757507 -0.096244    0.99464828]]\n",
      "\n",
      " Rotation matrix \n",
      " [[ 0.99020179  0.12828606 -0.0551644 ]\n",
      " [-0.1221621   0.98716535  0.10286397]\n",
      " [ 0.06765239 -0.09511709  0.99316458]]\n",
      "\n",
      " Rotation matrix2 \n",
      " [[ 0.99020179  0.12828606 -0.0551644 ]\n",
      " [-0.1221621   0.98716535  0.10286397]\n",
      " [ 0.06765239 -0.09511709  0.99316458]]\n",
      "\n",
      " Rotation matrix \n",
      " [[ 0.99247758  0.09309895 -0.07950375]\n",
      " [-0.09622806  0.99469095 -0.03647011]\n",
      " [ 0.07568634  0.04384626  0.9961672 ]]\n",
      "\n",
      " Rotation matrix2 \n",
      " [[ 0.99247758  0.09309895 -0.07950375]\n",
      " [-0.09622806  0.99469095 -0.03647011]\n",
      " [ 0.07568634  0.04384626  0.9961672 ]]\n",
      "\n",
      " Rotation matrix \n",
      " [[ 0.98587641  0.15195739 -0.07040355]\n",
      " [-0.13436453  0.96861792  0.20910641]\n",
      " [ 0.0999694  -0.19669333  0.97535524]]\n",
      "\n",
      " Rotation matrix2 \n",
      " [[ 0.98587641  0.15195739 -0.07040355]\n",
      " [-0.13436453  0.96861792  0.20910641]\n",
      " [ 0.0999694  -0.19669333  0.97535524]]\n",
      "\n",
      " Rotation matrix \n",
      " [[ 0.98833639  0.14345225 -0.05111386]\n",
      " [-0.12473458  0.955116    0.26869075]\n",
      " [ 0.08736396 -0.25918118  0.96186936]]\n",
      "\n",
      " Rotation matrix2 \n",
      " [[ 0.98833639  0.14345225 -0.05111386]\n",
      " [-0.12473458  0.955116    0.26869075]\n",
      " [ 0.08736396 -0.25918118  0.96186936]]\n",
      "\n",
      " Rotation matrix \n",
      " [[ 0.99388703  0.09372151 -0.05835117]\n",
      " [-0.0922528   0.99535909  0.02738062]\n",
      " [ 0.06064652 -0.02183018  0.99792056]]\n",
      "\n",
      " Rotation matrix2 \n",
      " [[ 0.99388703  0.09372151 -0.05835117]\n",
      " [-0.0922528   0.99535909  0.02738062]\n",
      " [ 0.06064652 -0.02183018  0.99792056]]\n",
      "\n",
      " Rotation matrix \n",
      " [[ 0.99729971  0.06855973 -0.02632191]\n",
      " [-0.07065549  0.99349385 -0.08931839]\n",
      " [ 0.02002701  0.09093699  0.99565525]]\n",
      "\n",
      " Rotation matrix2 \n",
      " [[ 0.99729971  0.06855973 -0.02632191]\n",
      " [-0.07065549  0.99349385 -0.08931839]\n",
      " [ 0.02002701  0.09093699  0.99565525]]\n",
      "\n",
      " Rotation matrix \n",
      " [[ 0.9926205   0.11804232 -0.02775894]\n",
      " [-0.11369712  0.98557014  0.12539721]\n",
      " [ 0.04216056 -0.12131573  0.9917182 ]]\n",
      "\n",
      " Rotation matrix2 \n",
      " [[ 0.9926205   0.11804232 -0.02775894]\n",
      " [-0.11369712  0.98557014  0.12539721]\n",
      " [ 0.04216056 -0.12131573  0.9917182 ]]\n",
      "\n",
      " Rotation matrix \n",
      " [[ 0.99153151  0.12911824  0.0139196 ]\n",
      " [-0.12808166  0.95456309  0.26908067]\n",
      " [ 0.02145608 -0.2685848   0.96301705]]\n",
      "\n",
      " Rotation matrix2 \n",
      " [[ 0.99153151  0.12911824  0.0139196 ]\n",
      " [-0.12808166  0.95456309  0.26908067]\n",
      " [ 0.02145608 -0.2685848   0.96301705]]\n",
      "\n",
      " Rotation matrix \n",
      " [[ 0.9923852   0.12280919  0.00946111]\n",
      " [-0.12274921  0.97968131  0.15861007]\n",
      " [ 0.0102099  -0.15856363  0.98729597]]\n",
      "\n",
      " Rotation matrix2 \n",
      " [[ 0.9923852   0.12280919  0.00946111]\n",
      " [-0.12274921  0.97968131  0.15861007]\n",
      " [ 0.0102099  -0.15856363  0.98729597]]\n",
      "\n",
      " Rotation matrix \n",
      " [[ 0.99703233  0.07689709  0.00365753]\n",
      " [-0.0769714   0.9948829   0.06544781]\n",
      " [ 0.00139393 -0.06553511  0.99784929]]\n",
      "\n",
      " Rotation matrix2 \n",
      " [[ 0.99703233  0.07689709  0.00365753]\n",
      " [-0.0769714   0.9948829   0.06544781]\n",
      " [ 0.00139393 -0.06553511  0.99784929]]\n",
      "\n",
      " Rotation matrix \n",
      " [[ 0.99680489  0.07048284 -0.03757904]\n",
      " [-0.07465141  0.98941585 -0.12443245]\n",
      " [ 0.02841095  0.1268402   0.9915162 ]]\n",
      "\n",
      " Rotation matrix2 \n",
      " [[ 0.99680489  0.07048284 -0.03757904]\n",
      " [-0.07465141  0.98941585 -0.12443245]\n",
      " [ 0.02841095  0.1268402   0.9915162 ]]\n",
      "\n",
      " Rotation matrix \n",
      " [[ 0.93831176  0.13341405 -0.31901682]\n",
      " [-0.09746201  0.98720649  0.1261923 ]\n",
      " [ 0.3317713  -0.0873157   0.93931026]]\n",
      "\n",
      " Rotation matrix2 \n",
      " [[ 0.93831176  0.13341405 -0.31901682]\n",
      " [-0.09746201  0.98720649  0.1261923 ]\n",
      " [ 0.3317713  -0.0873157   0.93931026]]\n",
      "\n",
      " Rotation matrix \n",
      " [[ 0.99459968  0.10210371  0.01860946]\n",
      " [-0.10368103  0.98554583  0.13397634]\n",
      " [-0.004661   -0.13518227  0.99080978]]\n",
      "\n",
      " Rotation matrix2 \n",
      " [[ 0.99459968  0.10210371  0.01860946]\n",
      " [-0.10368103  0.98554583  0.13397634]\n",
      " [-0.004661   -0.13518227  0.99080978]]\n",
      "\n",
      " Rotation matrix \n",
      " [[ 0.9981813   0.05237299  0.02985221]\n",
      " [-0.04415372  0.9723172  -0.22945527]\n",
      " [-0.04104308  0.22771987  0.97286131]]\n",
      "\n",
      " Rotation matrix2 \n",
      " [[ 0.9981813   0.05237299  0.02985221]\n",
      " [-0.04415372  0.9723172  -0.22945527]\n",
      " [-0.04104308  0.22771987  0.97286131]]\n",
      "\n",
      " Rotation matrix \n",
      " [[ 0.99187315  0.12721966  0.00167416]\n",
      " [-0.11935124  0.92580685  0.35865994]\n",
      " [ 0.04407865 -0.35594498  0.93346679]]\n",
      "\n",
      " Rotation matrix2 \n",
      " [[ 0.99187315  0.12721966  0.00167416]\n",
      " [-0.11935124  0.92580685  0.35865994]\n",
      " [ 0.04407865 -0.35594498  0.93346679]]\n",
      "\n",
      " Rotation matrix \n",
      " [[ 0.99340956  0.11440931 -0.00692472]\n",
      " [-0.11147024  0.97842002  0.17397889]\n",
      " [ 0.02668009 -0.17206039  0.98472504]]\n",
      "\n",
      " Rotation matrix2 \n",
      " [[ 0.99340956  0.11440931 -0.00692472]\n",
      " [-0.11147024  0.97842002  0.17397889]\n",
      " [ 0.02668009 -0.17206039  0.98472504]]\n",
      "\n",
      " Rotation matrix \n",
      " [[ 0.99518513  0.09736589  0.01124452]\n",
      " [-0.0979586   0.99188837  0.08100358]\n",
      " [-0.00326632 -0.08171506  0.99665038]]\n",
      "\n",
      " Rotation matrix2 \n",
      " [[ 0.99518513  0.09736589  0.01124452]\n",
      " [-0.0979586   0.99188837  0.08100358]\n",
      " [-0.00326632 -0.08171506  0.99665038]]\n",
      "\n",
      " Rotation matrix \n",
      " [[ 0.99514223  0.09742759 -0.01413498]\n",
      " [-0.09584567  0.99159424  0.08691641]\n",
      " [ 0.02248422 -0.08513941  0.99611532]]\n",
      "\n",
      " Rotation matrix2 \n",
      " [[ 0.99514223  0.09742759 -0.01413498]\n",
      " [-0.09584567  0.99159424  0.08691641]\n",
      " [ 0.02248422 -0.08513941  0.99611532]]\n",
      "\n",
      " Rotation matrix \n",
      " [[ 0.99783716  0.0655465  -0.00496665]\n",
      " [-0.06572237  0.99624807 -0.05630581]\n",
      " [ 0.00125736  0.05651045  0.99840122]]\n",
      "\n",
      " Rotation matrix2 \n",
      " [[ 0.99783716  0.0655465  -0.00496665]\n",
      " [-0.06572237  0.99624807 -0.05630581]\n",
      " [ 0.00125736  0.05651045  0.99840122]]\n",
      "\n",
      " Rotation matrix \n",
      " [[ 0.99626939  0.08587814 -0.00849961]\n",
      " [-0.08449855  0.99076241  0.1060653 ]\n",
      " [ 0.01752978 -0.10495141  0.99432284]]\n",
      "\n",
      " Rotation matrix2 \n",
      " [[ 0.99626939  0.08587814 -0.00849961]\n",
      " [-0.08449855  0.99076241  0.1060653 ]\n",
      " [ 0.01752978 -0.10495141  0.99432284]]\n",
      "\n",
      " Rotation matrix \n",
      " [[ 0.98958471  0.14394211  0.00166526]\n",
      " [-0.13663913  0.93561173  0.32551565]\n",
      " [ 0.04529737 -0.32235284  0.94553519]]\n",
      "\n",
      " Rotation matrix2 \n",
      " [[ 0.98958471  0.14394211  0.00166526]\n",
      " [-0.13663913  0.93561173  0.32551565]\n",
      " [ 0.04529737 -0.32235284  0.94553519]]\n",
      "\n",
      " Rotation matrix \n",
      " [[ 9.92222185e-01  1.24479080e-01 -3.08436101e-04]\n",
      " [-1.21729121e-01  9.70814296e-01  2.06643710e-01]\n",
      " [ 2.60222532e-02 -2.04998928e-01  9.78416211e-01]]\n",
      "\n",
      " Rotation matrix2 \n",
      " [[ 9.92222185e-01  1.24479080e-01 -3.08436101e-04]\n",
      " [-1.21729121e-01  9.70814296e-01  2.06643710e-01]\n",
      " [ 2.60222532e-02 -2.04998928e-01  9.78416211e-01]]\n",
      "\n",
      " Rotation matrix \n",
      " [[ 0.99569244  0.09150735  0.0149324 ]\n",
      " [-0.09270236  0.98546096  0.14238317]\n",
      " [-0.00168619 -0.14315411  0.98969897]]\n",
      "\n",
      " Rotation matrix2 \n",
      " [[ 0.99569244  0.09150735  0.0149324 ]\n",
      " [-0.09270236  0.98546096  0.14238317]\n",
      " [-0.00168619 -0.14315411  0.98969897]]\n",
      "\n",
      " Rotation matrix \n",
      " [[ 9.95996517e-01  8.93798574e-02 -1.47638555e-03]\n",
      " [-8.93913450e-02  9.95787212e-01 -2.04209767e-02]\n",
      " [-3.55058143e-04  2.04711978e-02  9.99790380e-01]]\n",
      "\n",
      " Rotation matrix2 \n",
      " [[ 9.95996517e-01  8.93798574e-02 -1.47638555e-03]\n",
      " [-8.93913450e-02  9.95787212e-01 -2.04209767e-02]\n",
      " [-3.55058143e-04  2.04711978e-02  9.99790380e-01]]\n",
      "\n",
      " Rotation matrix \n",
      " [[ 0.99531428  0.09606705  0.01098186]\n",
      " [-0.09659055  0.99304864  0.06726569]\n",
      " [-0.0044435  -0.06801125  0.99767466]]\n",
      "\n",
      " Rotation matrix2 \n",
      " [[ 0.99531428  0.09606705  0.01098186]\n",
      " [-0.09659055  0.99304864  0.06726569]\n",
      " [-0.0044435  -0.06801125  0.99767466]]\n",
      "\n",
      " Rotation matrix \n",
      " [[ 0.9955482   0.09417468  0.00386106]\n",
      " [-0.09398425  0.98877203  0.11617587]\n",
      " [ 0.00712311 -0.11602156  0.99322115]]\n",
      "\n",
      " Rotation matrix2 \n",
      " [[ 0.9955482   0.09417468  0.00386106]\n",
      " [-0.09398425  0.98877203  0.11617587]\n",
      " [ 0.00712311 -0.11602156  0.99322115]]\n",
      "\n",
      " Rotation matrix \n",
      " [[ 0.9923025   0.11778178  0.03825182]\n",
      " [-0.12326193  0.96913918  0.21348479]\n",
      " [-0.01192672 -0.21655648  0.97619724]]\n",
      "\n",
      " Rotation matrix2 \n",
      " [[ 0.9923025   0.11778178  0.03825182]\n",
      " [-0.12326193  0.96913918  0.21348479]\n",
      " [-0.01192672 -0.21655648  0.97619724]]\n",
      "\n",
      " Rotation matrix \n",
      " [[ 0.99345306  0.10895863  0.03433717]\n",
      " [-0.11229282  0.98663004  0.11811645]\n",
      " [-0.02100827 -0.12119897  0.9924059 ]]\n",
      "\n",
      " Rotation matrix2 \n",
      " [[ 0.99345306  0.10895863  0.03433717]\n",
      " [-0.11229282  0.98663004  0.11811645]\n",
      " [-0.02100827 -0.12119897  0.9924059 ]]\n",
      "\n",
      " Rotation matrix \n",
      " [[ 0.99530227  0.08631963  0.04384408]\n",
      " [-0.088813    0.99432771  0.05852056]\n",
      " [-0.03854391 -0.06213958  0.99732294]]\n",
      "\n",
      " Rotation matrix2 \n",
      " [[ 0.99530227  0.08631963  0.04384408]\n",
      " [-0.088813    0.99432771  0.05852056]\n",
      " [-0.03854391 -0.06213958  0.99732294]]\n",
      "\n",
      " Rotation matrix \n",
      " [[ 0.99514596  0.09228029  0.03418882]\n",
      " [-0.09643899  0.98365391  0.15206741]\n",
      " [-0.01959714 -0.1546264   0.98777863]]\n",
      "\n",
      " Rotation matrix2 \n",
      " [[ 0.99514596  0.09228029  0.03418882]\n",
      " [-0.09643899  0.98365391  0.15206741]\n",
      " [-0.01959714 -0.1546264   0.98777863]]\n",
      "\n",
      " Rotation matrix \n",
      " [[ 0.99319562  0.10303814  0.05427348]\n",
      " [-0.11445823  0.94965043  0.29165625]\n",
      " [-0.02148912 -0.29588375  0.95498221]]\n",
      "\n",
      " Rotation matrix2 \n",
      " [[ 0.99319562  0.10303814  0.05427348]\n",
      " [-0.11445823  0.94965043  0.29165625]\n",
      " [-0.02148912 -0.29588375  0.95498221]]\n",
      "\n",
      " Rotation matrix \n",
      " [[ 0.9920842   0.10928413  0.06185408]\n",
      " [-0.11634989  0.98526256  0.12538098]\n",
      " [-0.04724036 -0.1315852   0.99017861]]\n",
      "\n",
      " Rotation matrix2 \n",
      " [[ 0.9920842   0.10928413  0.06185408]\n",
      " [-0.11634989  0.98526256  0.12538098]\n",
      " [-0.04724036 -0.1315852   0.99017861]]\n",
      "\n",
      " Rotation matrix \n",
      " [[ 9.93870921e-01  8.99323581e-02  6.42865793e-02]\n",
      " [-9.01774933e-02  9.95925289e-01  9.15876552e-04]\n",
      " [-6.39422631e-02 -6.70746565e-03  9.97931058e-01]]\n",
      "\n",
      " Rotation matrix2 \n",
      " [[ 9.93870921e-01  8.99323581e-02  6.42865793e-02]\n",
      " [-9.01774933e-02  9.95925289e-01  9.15876552e-04]\n",
      " [-6.39422631e-02 -6.70746565e-03  9.97931058e-01]]\n",
      "\n",
      " Rotation matrix \n",
      " [[ 0.99716105  0.07379926  0.01495025]\n",
      " [-0.07397021  0.9971973   0.01122301]\n",
      " [-0.0140801  -0.01229702  0.99982525]]\n",
      "\n",
      " Rotation matrix2 \n",
      " [[ 0.99716105  0.07379926  0.01495025]\n",
      " [-0.07397021  0.9971973   0.01122301]\n",
      " [-0.0140801  -0.01229702  0.99982525]]\n",
      "\n",
      " Rotation matrix \n",
      " [[ 0.99531415  0.09270212  0.02749652]\n",
      " [-0.09584487  0.98344771  0.15376723]\n",
      " [-0.01278684 -0.1556821   0.98772445]]\n",
      "\n",
      " Rotation matrix2 \n",
      " [[ 0.99531415  0.09270212  0.02749652]\n",
      " [-0.09584487  0.98344771  0.15376723]\n",
      " [-0.01278684 -0.1556821   0.98772445]]\n",
      "\n",
      " Rotation matrix \n",
      " [[ 0.98871319  0.12090415  0.08847832]\n",
      " [-0.14133003  0.94865123  0.28299586]\n",
      " [-0.04971969 -0.29230639  0.95503138]]\n",
      "\n",
      " Rotation matrix2 \n",
      " [[ 0.98871319  0.12090415  0.08847832]\n",
      " [-0.14133003  0.94865123  0.28299586]\n",
      " [-0.04971969 -0.29230639  0.95503138]]\n",
      "\n",
      " Rotation matrix \n",
      " [[ 0.98938429  0.11280765  0.09161424]\n",
      " [-0.124782    0.98258378  0.13769015]\n",
      " [-0.07448617 -0.14766028  0.98622931]]\n",
      "\n",
      " Rotation matrix2 \n",
      " [[ 0.98938429  0.11280765  0.09161424]\n",
      " [-0.124782    0.98258378  0.13769015]\n",
      " [-0.07448617 -0.14766028  0.98622931]]\n",
      "\n",
      " Rotation matrix \n",
      " [[ 0.99111076  0.1126554   0.07076882]\n",
      " [-0.11218449  0.99363079 -0.01060667]\n",
      " [-0.07151298  0.00257322  0.99743635]]\n",
      "\n",
      " Rotation matrix2 \n",
      " [[ 0.99111076  0.1126554   0.07076882]\n",
      " [-0.11218449  0.99363079 -0.01060667]\n",
      " [-0.07151298  0.00257322  0.99743635]]\n",
      "\n",
      " Rotation matrix \n",
      " [[ 0.99140116  0.08108516  0.10270804]\n",
      " [-0.087894    0.9940978   0.06359415]\n",
      " [-0.0969453  -0.07207473  0.99267661]]\n",
      "\n",
      " Rotation matrix2 \n",
      " [[ 0.99140116  0.08108516  0.10270804]\n",
      " [-0.087894    0.9940978   0.06359415]\n",
      " [-0.0969453  -0.07207473  0.99267661]]\n",
      "\n",
      " Rotation matrix \n",
      " [[ 0.99161088  0.08707265  0.09553118]\n",
      " [-0.09576669  0.99127682  0.09054839]\n",
      " [-0.08681356 -0.09893747  0.99129954]]\n",
      "\n",
      " Rotation matrix2 \n",
      " [[ 0.99161088  0.08707265  0.09553118]\n",
      " [-0.09576669  0.99127682  0.09054839]\n",
      " [-0.08681356 -0.09893747  0.99129954]]\n",
      "\n",
      " Rotation matrix \n",
      " [[ 0.98685775  0.10164065  0.12562231]\n",
      " [-0.12412054  0.97457657  0.18653311]\n",
      " [-0.10346922 -0.19967396  0.97438413]]\n",
      "\n",
      " Rotation matrix2 \n",
      " [[ 0.98685775  0.10164065  0.12562231]\n",
      " [-0.12412054  0.97457657  0.18653311]\n",
      " [-0.10346922 -0.19967396  0.97438413]]\n",
      "\n",
      " Rotation matrix \n",
      " [[ 0.98703587  0.10173299  0.12413938]\n",
      " [-0.11757563  0.98480721  0.12779174]\n",
      " [-0.10925272 -0.1407308   0.98400136]]\n",
      "\n",
      " Rotation matrix2 \n",
      " [[ 0.98703587  0.10173299  0.12413938]\n",
      " [-0.11757563  0.98480721  0.12779174]\n",
      " [-0.10925272 -0.1407308   0.98400136]]\n",
      "\n",
      " Rotation matrix \n",
      " [[ 0.98913292  0.08742408  0.11820788]\n",
      " [-0.10184381  0.98728808  0.12202492]\n",
      " [-0.10603732 -0.13273761  0.98546274]]\n",
      "\n",
      " Rotation matrix2 \n",
      " [[ 0.98913292  0.08742408  0.11820788]\n",
      " [-0.10184381  0.98728808  0.12202492]\n",
      " [-0.10603732 -0.13273761  0.98546274]]\n",
      "\n",
      " Rotation matrix \n",
      " [[ 0.98949897  0.10465964  0.09969028]\n",
      " [-0.11689675  0.98510988  0.12607009]\n",
      " [-0.08501143 -0.13639969  0.98699959]]\n",
      "\n",
      " Rotation matrix2 \n",
      " [[ 0.98949897  0.10465964  0.09969028]\n",
      " [-0.11689675  0.98510988  0.12607009]\n",
      " [-0.08501143 -0.13639969  0.98699959]]\n",
      "\n",
      " Rotation matrix \n",
      " [[ 0.98969799  0.10352617  0.09889498]\n",
      " [-0.12681408  0.95450083  0.26990065]\n",
      " [-0.06645356 -0.2796614   0.95779613]]\n",
      "\n",
      " Rotation matrix2 \n",
      " [[ 0.98969799  0.10352617  0.09889498]\n",
      " [-0.12681408  0.95450083  0.26990065]\n",
      " [-0.06645356 -0.2796614   0.95779613]]\n",
      "\n",
      " Rotation matrix \n",
      " [[ 0.98370529  0.12639301  0.12786207]\n",
      " [-0.15546358  0.95520335  0.25182857]\n",
      " [-0.09030491 -0.26760299  0.9592881 ]]\n",
      "\n",
      " Rotation matrix2 \n",
      " [[ 0.98370529  0.12639301  0.12786207]\n",
      " [-0.15546358  0.95520335  0.25182857]\n",
      " [-0.09030491 -0.26760299  0.9592881 ]]\n",
      "\n",
      " Rotation matrix \n",
      " [[ 0.98808839  0.10111976  0.11600058]\n",
      " [-0.11347163  0.98794101  0.10534116]\n",
      " [-0.10394966 -0.11724915  0.98764726]]\n",
      "\n",
      " Rotation matrix2 \n",
      " [[ 0.98808839  0.10111976  0.11600058]\n",
      " [-0.11347163  0.98794101  0.10534116]\n",
      " [-0.10394966 -0.11724915  0.98764726]]\n",
      "\n",
      " Rotation matrix \n",
      " [[ 0.99063422  0.08536898  0.10656442]\n",
      " [-0.09029713  0.99501605  0.04230231]\n",
      " [-0.102422   -0.05152858  0.99340553]]\n",
      "\n",
      " Rotation matrix2 \n",
      " [[ 0.99063422  0.08536898  0.10656442]\n",
      " [-0.09029713  0.99501605  0.04230231]\n",
      " [-0.102422   -0.05152858  0.99340553]]\n",
      "\n",
      " Rotation matrix \n",
      " [[ 0.9906492   0.08519038  0.10656814]\n",
      " [-0.10174268  0.9816913   0.16102985]\n",
      " [-0.09089882 -0.17036662  0.9811792 ]]\n",
      "\n",
      " Rotation matrix2 \n",
      " [[ 0.9906492   0.08519038  0.10656814]\n",
      " [-0.10174268  0.9816913   0.16102985]\n",
      " [-0.09089882 -0.17036662  0.9811792 ]]\n",
      "\n",
      " Rotation matrix \n",
      " [[ 0.98103924  0.10761759  0.16118459]\n",
      " [-0.14307364  0.96315263  0.22774316]\n",
      " [-0.13073619 -0.24648625  0.96028776]]\n",
      "\n",
      " Rotation matrix2 \n",
      " [[ 0.98103924  0.10761759  0.16118459]\n",
      " [-0.14307364  0.96315263  0.22774316]\n",
      " [-0.13073619 -0.24648625  0.96028776]]\n",
      "\n",
      " Rotation matrix \n",
      " [[ 0.98164415  0.09997992  0.16241547]\n",
      " [-0.11031238  0.99232515  0.0558747 ]\n",
      " [-0.15558261 -0.07276551  0.98513919]]\n",
      "\n",
      " Rotation matrix2 \n",
      " [[ 0.98164415  0.09997992  0.16241547]\n",
      " [-0.11031238  0.99232515  0.0558747 ]\n",
      " [-0.15558261 -0.07276551  0.98513919]]\n",
      "\n",
      " Rotation matrix \n",
      " [[ 0.99650019  0.06941864  0.04656642]\n",
      " [-0.06325366  0.99040794 -0.12284581]\n",
      " [-0.05464754  0.11947038  0.99133268]]\n",
      "\n",
      " Rotation matrix2 \n",
      " [[ 0.99650019  0.06941864  0.04656642]\n",
      " [-0.06325366  0.99040794 -0.12284581]\n",
      " [-0.05464754  0.11947038  0.99133268]]\n",
      "\n",
      " Rotation matrix \n",
      " [[ 0.99605178  0.08243653  0.03294044]\n",
      " [-0.08492464  0.99291781  0.08307843]\n",
      " [-0.02585846 -0.08554788  0.99599844]]\n",
      "\n",
      " Rotation matrix2 \n",
      " [[ 0.99605178  0.08243653  0.03294044]\n",
      " [-0.08492464  0.99291781  0.08307843]\n",
      " [-0.02585846 -0.08554788  0.99599844]]\n",
      "\n",
      " Rotation matrix \n",
      " [[ 0.9896435   0.13814834  0.03899721]\n",
      " [-0.14291938  0.92288274  0.35757726]\n",
      " [ 0.01340885 -0.35944747  0.93306898]]\n",
      "\n",
      " Rotation matrix2 \n",
      " [[ 0.9896435   0.13814834  0.03899721]\n",
      " [-0.14291938  0.92288274  0.35757726]\n",
      " [ 0.01340885 -0.35944747  0.93306898]]\n",
      "\n",
      " Rotation matrix \n",
      " [[ 0.9870829   0.10118211  0.12421563]\n",
      " [-0.1260534   0.96903045  0.21234532]\n",
      " [-0.09888318 -0.22526024  0.96926773]]\n",
      "\n",
      " Rotation matrix2 \n",
      " [[ 0.9870829   0.10118211  0.12421563]\n",
      " [-0.1260534   0.96903045  0.21234532]\n",
      " [-0.09888318 -0.22526024  0.96926773]]\n",
      "\n",
      " Rotation matrix \n",
      " [[ 0.98915627  0.10955629  0.09781249]\n",
      " [-0.11436413  0.99242082  0.04496407]\n",
      " [-0.09214505 -0.05566273  0.99418859]]\n",
      "\n",
      " Rotation matrix2 \n",
      " [[ 0.98915627  0.10955629  0.09781249]\n",
      " [-0.11436413  0.99242082  0.04496407]\n",
      " [-0.09214505 -0.05566273  0.99418859]]\n",
      "\n",
      " Rotation matrix \n",
      " [[ 0.99468558  0.09322064  0.04370927]\n",
      " [-0.0822915   0.97495281 -0.20662802]\n",
      " [-0.06187648  0.20193301  0.97744277]]\n",
      "\n",
      " Rotation matrix2 \n",
      " [[ 0.99468558  0.09322064  0.04370927]\n",
      " [-0.0822915   0.97495281 -0.20662802]\n",
      " [-0.06187648  0.20193301  0.97744277]]\n",
      "\n",
      " Rotation matrix \n",
      " [[ 0.99584026  0.07557292  0.05090091]\n",
      " [-0.07665493  0.99686406  0.01964864]\n",
      " [-0.04925638 -0.02346871  0.9985104 ]]\n",
      "\n",
      " Rotation matrix2 \n",
      " [[ 0.99584026  0.07557292  0.05090091]\n",
      " [-0.07665493  0.99686406  0.01964864]\n",
      " [-0.04925638 -0.02346871  0.9985104 ]]\n",
      "\n",
      " Rotation matrix \n",
      " [[ 0.9938676   0.10228546  0.04201055]\n",
      " [-0.10904432  0.96963577  0.21889679]\n",
      " [-0.01834498 -0.22213544  0.97484322]]\n",
      "\n",
      " Rotation matrix2 \n",
      " [[ 0.9938676   0.10228546  0.04201055]\n",
      " [-0.10904432  0.96963577  0.21889679]\n",
      " [-0.01834498 -0.22213544  0.97484322]]\n",
      "\n",
      " Rotation matrix \n",
      " [[ 0.98641637  0.07527293  0.14600253]\n",
      " [-0.05550162  0.98928233 -0.13505567]\n",
      " [-0.15460375  0.12511774  0.98002206]]\n",
      "\n",
      " Rotation matrix2 \n",
